      0/29     2.58G   0.03458   0.02121         0   0.05578         6       640    0.2207    0.4667    0.1846   0.03295   0.08872    0.0222         0
      1/29     2.49G   0.04082   0.02019         0   0.06101         5       640    0.3843     0.333    0.2125    0.0657   0.08498    0.0198         0
      2/29     2.49G   0.03469   0.01862         0   0.05332         5       640    0.4967    0.3294    0.2436   0.06761   0.08079   0.01813         0
      3/29     2.49G   0.03756   0.01736         0   0.05492         6       640    0.4311    0.4667    0.3713   0.09936   0.07439   0.01703         0
      4/29     2.49G   0.03574   0.01651         0   0.05225         4       640    0.6662    0.5322    0.5412    0.1532   0.06966   0.01536         0
      5/29     2.49G   0.03292   0.01625         0   0.04917         2       640    0.6572    0.5125    0.5431    0.1587   0.07182   0.01392         0
      6/29     2.49G    0.0328   0.01501         0   0.04781         5       640    0.3798    0.5333    0.3393   0.06729   0.07656   0.01225         0
      7/29     2.49G   0.02838    0.0139         0   0.04228         5       640    0.3808    0.5333     0.308   0.05877   0.07259   0.01131         0
      8/29     2.49G   0.02909   0.01214         0   0.04123         5       640    0.3967    0.6667    0.4697    0.1303   0.06672   0.01091         0
      9/29     2.49G   0.02711   0.01242         0   0.03953         3       640    0.6948    0.4667    0.5731    0.1995   0.06402   0.01041         0
     10/29     2.49G   0.03273   0.01195         0   0.04467         6       640    0.7243    0.5333    0.5803    0.2713   0.06578   0.01002         0
     11/29     2.49G   0.03083   0.01109         0   0.04192         6       640    0.7999    0.5332    0.6346    0.2943   0.06177  0.009955         0
     12/29     2.49G   0.03044   0.01107         0   0.04151         6       640    0.6872    0.7333    0.7417    0.2929   0.06284  0.009646         0
     13/29     2.49G   0.03116   0.01062         0   0.04177         4       640    0.7728    0.4667    0.5767    0.1736   0.06459  0.009203         0
     14/29     2.49G   0.02982   0.01038         0    0.0402         5       640     0.724    0.5333    0.5066    0.1582   0.06536  0.008639         0
     15/29     2.49G   0.02987  0.009855         0   0.03972        10       640    0.5783    0.7316    0.5615    0.2141   0.06585   0.00831         0
     16/29     2.49G   0.02609  0.009702         0   0.03579         3       640    0.7054    0.7983    0.7606    0.3913   0.06406  0.007963         0
     17/29     2.49G   0.02416  0.009799         0   0.03396         3       640         1    0.6636    0.7269    0.2883   0.06642   0.00803         0
     18/29     2.49G   0.02393  0.008865         0   0.03279         3       640    0.6992    0.4667    0.5674    0.2603    0.0655  0.008229         0
     19/29     2.49G   0.02553   0.01015         0   0.03568         2       640    0.5552    0.6656    0.5825    0.2561   0.06754  0.007671         0
     20/29     2.49G   0.02617  0.009235         0    0.0354         7       640    0.7143    0.6666    0.5958    0.2743   0.06438  0.007997         0
     21/29     2.49G   0.02133  0.008919         0   0.03025         6       640     0.749     0.597     0.613     0.278   0.06578  0.007786         0
     22/29     2.49G   0.02139  0.009129         0   0.03051         5       640    0.6908       0.6    0.5927    0.2969   0.06378  0.007937         0
     23/29     2.49G   0.02407  0.009393         0   0.03346         6       640    0.7946    0.5333    0.5877    0.2913   0.06428  0.007925         0
     24/29     2.49G    0.0233  0.008973         0   0.03227         6       640    0.6905       0.6    0.5622    0.2894   0.06204  0.008054         0
     25/29     2.49G   0.02602   0.00826         0   0.03428         3       640    0.7492       0.6    0.5879    0.2601   0.05916  0.008242         0
     26/29     2.49G   0.02527  0.009477         0   0.03475         6       640    0.6246    0.6657    0.6346    0.3203   0.05796  0.008138         0
     27/29     2.49G   0.02644  0.009327         0   0.03577         6       640    0.6665    0.6667    0.6509    0.3388   0.05876  0.008376         0
     28/29     2.49G   0.01806  0.008734         0   0.02679         5       640    0.8177       0.6    0.6369    0.2883   0.05779  0.008474         0
     29/29     2.49G   0.02251  0.009246         0   0.03176         2       640    0.6208    0.6667    0.6696    0.3524   0.05737  0.008435         0
